3,2
10,225
10,247
10,135
10,256
10,8
10,177
10,262
10,278
10,2
10,3
9,2
9,3
8,4
8,11
8,10
8,13
8,14
8,2
8,3
20,3
20,2
20,1
19,3
19,2
19,1
12,3
12,2
12,1
11,30
11,29
11,28
11,27
11,26
11,25
11,24
11,23
11,22
11,21
11,20
11,19
11,18
11,17
11,16
11,15
11,14
11,13
11,12
11,11
11,10
11,9
11,8
11,7
11,6
11,5
11,4
11,3
11,2
11,1
10,314
10,313
10,312
10,311
10,310
10,309
10,308
10,307
10,306
10,305
10,299
10,291
10,231
10,218
10,141
10,133
18,1
10,129
18,3
10,112
10,111
13,1
10,101
10,1
13,3
10,87
9,7
9,1
9,5
8,15
8,9
8,7
8,1
